50 1 0 0 20.0000 0.2500
50 1 0 0 21.5730 0.2500
50 1 0 0 30.4740 0.2028
50 1 0 0 16.8320 0.2500
50 1 0 0 19.4890 0.2500
50 1 0 0 21.2510 0.2500
50 1 0 0 17.5090 0.2500
50 1 0 0 18.5150 0.2500
200 1 0 0 16.3250 0.2500
50 0 1 0 7.9240 0.0000
50 0 1 0 8.9670 0.0000
50 1 0 0 23.7100 0.2500
50 1 0 0 22.4780 0.2500
50 1 0 0 18.7040 0.2500
50 0 1 0 8.8450 0.0000
50 1 0 0 16.1750 0.2500
50 1 0 0 20.4970 0.2500
50 0 1 0 8.6340 0.0000
50 1 0 0 21.0050 0.2500
50 1 0 0 16.9780 0.2500
50 0 1 0 10.4120 0.0000
50 1 0 0 20.0370 0.2500
50 1 0 0 19.5890 0.2500
50 1 0 0 17.1570 0.2500
50 0 1 0 11.9980 0.0000
50 1 0 0 20.0010 0.2500
50 0 1 0 8.8300 0.0000
50 0 1 0 4.1680 0.0000
50 0 1 0 3.7440 0.0000
50 0 1 0 4.3500 0.0000
50 0 1 0 3.0010 0.0000
50 0 1 0 3.2190 0.0000
50 0 1 0 3.3110 0.0000
50 0 1 0 2.6120 0.0000
50 0 1 0 2.7050 0.0000
50 0 1 0 1.0420 0.0000
50 0 1 0 2.9140 0.0000
50 0 1 0 5.0770 0.0000
50 0 1 0 5.0800 0.0000
50 0 1 0 4.8800 0.0000
50 0 1 0 6.4530 0.0000
50 0 1 0 3.9450 0.0000
50 0 1 0 5.4890 0.0000
50 0 1 0 6.0180 0.0000
50 0 1 0 5.2910 0.0000
50 0 1 0 2.5940 0.0000
50 0 1 0 6.7590 0.0000
50 0 1 0 3.3060 0.0000
50 0 1 0 1.7590 0.0000
50 1 0 0 16.0420 0.2500
50 1 0 0 16.4390 0.2500
50 1 0 0 14.7910 0.2500
50 0 1 0 6.1460 0.0000
50 0 1 0 5.2840 0.0000
50 0 1 0 2.5870 0.0000
50 0 1 0 6.5320 0.0000
50 0 1 0 3.6310 0.0000
50 1 0 0 16.4200 0.2500
50 0 1 0 5.3950 0.0000
50 0 1 0 2.9040 0.0000
50 0 1 0 4.5540 0.0000
50 0 1 0 6.0320 0.0000
50 0 1 0 9.1790 0.0000
50 0 1 0 6.3400 0.0000
50 0 1 0 6.3080 0.0000
50 1 0 0 19.3950 0.2500
50 0 1 0 14.6910 0.0000
50 0 1 0 7.5900 0.0000
50 0 1 0 5.4050 0.0000
50 0 1 0 4.6850 0.0000
50 0 1 0 4.6680 0.0000
50 0 1 0 8.1240 0.0000
50 0 1 0 5.4080 0.0000
50 0 1 0 10.4240 0.0000
50 0 1 0 4.3860 0.0000
50 0 1 0 4.3660 0.0000
50 0 1 0 4.5800 0.0000
50 0 1 0 4.3740 0.0000
50 0 1 0 8.9520 0.0000
50 0 1 0 9.0470 0.0000
50 0 1 0 9.0410 0.0000
50 0 1 0 5.8100 0.0000
50 0 1 0 5.7310 0.0000
50 0 1 0 5.7370 0.0000
50 0 1 0 6.6470 0.0000
50 0 1 0 11.7500 0.0000
50 0 1 0 6.6570 0.0000
50 0 1 0 6.0340 0.0000
50 0 1 0 6.7770 0.0000
50 0 1 0 9.2880 0.0000
50 0 1 0 5.9210 0.0000
50 1 0 0 22.7970 0.2500
50 1 0 0 16.6420 0.2500
100 0 1 0 8.3710 0.0000
100 1 0 0 21.1810 0.2500
100 0 1 0 15.9290 0.0000
100 1 0 0 21.4760 0.2500
200 1 0 0 19.2710 0.2500
50 1 0 0 20.1250 0.2500
50 1 0 0 18.4100 0.2500
100 1 0 0 24.6740 0.2212
200 1 0 0 18.8620 0.2500
0 1 0 0 22.7680 0.2500
99 0 1 0 14.9400 0.0000
99 0 1 0 12.4430 0.0000
99 0 1 0 15.8490 0.0000
99 0 1 0 7.7110 0.0000
199 0 1 0 7.2030 0.0000
199 0 1 0 15.2060 0.0000
199 0 1 0 11.8940 0.0000
199 0 1 0 15.7880 0.0000
199 0 1 0 15.9400 0.0000
199 0 1 0 9.6270 0.0000
199 0 1 0 8.7880 0.0000
199 1 0 0 12.2280 0.2500
99 0 1 0 5.9980 0.0000
99 0 1 0 5.6730 0.0000
99 0 1 0 5.5700 0.0000
99 0 1 0 6.3070 0.0000
99 0 1 0 6.0630 0.0000
99 1 0 0 12.9200 0.2500
199 0 1 0 4.5410 0.0000
199 0 1 0 4.6570 0.0000
199 0 1 0 5.9950 0.0000
199 0 1 0 8.3790 0.0000
199 0 1 0 8.2730 0.0000
199 0 1 0 4.6490 0.0000
199 0 1 0 7.7870 0.0000
199 0 1 0 6.8280 0.0000
199 0 1 0 7.6710 0.0000
199 0 1 0 6.6050 0.0000
199 0 1 0 4.9540 0.0000
199 0 1 0 5.1740 0.0000
199 1 0 0 12.1180 0.2500
199 0 1 0 5.3770 0.0000
199 1 0 0 12.0050 0.2500
99 0 1 0 6.8000 0.0000
99 0 1 0 6.6730 0.0000
99 1 0 0 13.2290 0.2500
99 0 1 0 7.8210 0.0000
99 1 0 0 14.7580 0.2500
199 1 0 0 13.5810 0.2500
199 1 0 0 13.6620 0.2500
99 1 0 0 14.2530 0.2500
99 1 0 0 14.7670 0.2500
0 1 0 0 12.5500 0.2500
50 1 0 0 11.1350 0.2500
100 1 0 0 11.5740 0.2500
200 1 0 0 10.8840 0.2500
99 1 0 0 14.3950 0.2500
199 1 0 0 13.3450 0.2500
105 0 1 0 9.7980 0.0000
105 1 0 0 13.5890 0.2500
111 0 1 0 5.8300 0.0000
111 0 1 0 8.3970 0.0000
111 0 1 0 13.2340 0.0000
111 0 1 0 4.3000 0.0000
199 1 0 0 13.7520 0.2500
